%YAML:1.0
---
K: !!opencv-matrix
   rows: 3
   cols: 3
   dt: d
   data: [ 5.8007342393879640e+02, 0., 2.8397069797514104e+02, 0.,
       5.7973273813247056e+02, 2.3698364869362669e+02, 0., 0., 1. ]
D: !!opencv-matrix
   rows: 1
   cols: 5
   dt: d
   data: [ -4.6284268997223910e-01, 9.5699638913471063e-01,
       5.3203515233408577e-03, 1.0678703311538140e-02,
       -9.8279298320537800e-01 ]
